1024 768
1 597 714
264 921 675
3490 585 387
3680 508 730
8417 563 482
8618 710 360
9124 793 331
11624 691 382
15970 561 387
16463 244 382
16666 219 366
17205 702 363
17780 241 367
18994 269 382
19467 242 384
27925 250 411
31765 533 514
32971 562 345
33363 590 366
34546 591 373
35271 282 394
35446 239 400
40093 883 698
40354 597 474
41256 535 498
44799 490 707
45295 525 687
47347 511 376
47930 537 420
48508 559 346
48872 208 387
49158 235 370
49587 548 427
49854 541 560
50208 552 397
50667 546 499
50997 547 396
51323 534 531
51740 518 405
52210 507 538
53868 503 567
54293 526 374
54732 519 532
55005 510 568
55721 406 418
56221 365 399
56815 513 403
57527 531 518
60658 546 377
61293 534 466
61618 583 529
61842 586 340
62422 534 403
62963 381 385
63445 575 517
63711 577 552
64251 521 351
64790 578 356
65145 583 533
65691 553 359
66055 598 524
66621 564 365
67144 569 513
67493 557 368
67788 561 335
68062 406 325
68571 382 381
70611 501 533
71246 544 372
71588 506 559
71957 380 366
72356 504 543
72673 507 572
73040 539 362
74334 382 391
74946 489 533
75472 499 560
76209 383 391
76495 518 363
76815 394 386
77372 550 345
78481 532 509
78818 382 381
79073 565 523
80824 379 433
80995 368 402
81319 572 551
81508 389 399
82242 591 573
82695 584 393
82964 370 396
84187 414 539
84713 522 402
84992 380 395
85904 569 407
86191 595 386
86382 373 422
88960 529 544
89580 507 535
90981 381 393
91556 575 391
92196 380 413
92765 372 552
93025 370 518
93503 230 395
93765 361 512
94968 539 525
95438 565 420
95855 579 380
96174 374 408
97920 436 399
98179 373 529
99703 546 401
100028 560 521
100431 374 521
101230 373 401
101828 241 372
102083 574 396
102521 590 355
102977 231 365
104325 193 361
105227 195 421
105659 541 434
106129 544 525
106394 378 550
108470 479 475
108749 351 579
109188 534 532
110771 519 528
111096 357 418
111456 504 408
111908 380 538
112250 522 520
112675 221 405
112962 242 374
114078 580 379
114690 602 364
114933 542 386
115129 392 392
115418 385 548
115592 386 517
116909 371 387
117395 388 524
117963 545 518
118405 233 382
118940 540 509
119374 552 379
119706 588 373
120040 549 502
120588 385 398
121131 378 526
121774 236 393
122061 533 394
122252 235 366
122884 549 373
123201 197 501
123824 35 560
124182 357 567
124530 387 514
124757 550 506
125175 295 388
125406 365 512
126008 241 368
126870 590 371
127100 558 351
127363 564 502
127980 575 493
128244 551 516
129126 525 522
130619 384 396
131160 242 370
131544 577 400
132527 533 500
133077 396 385
134649 523 525
137033 376 513
137609 534 512
140214 381 409
140705 562 388
140925 362 398
141404 523 515
144529 401 395
144755 366 394
145186 603 381
145634 537 504
146188 448 419
146378 405 393
146762 245 386
147565 527 515
149122 484 365
149379 376 517
150184 525 503
151316 381 390
152437 519 518
152691 552 506
153112 408 399
153439 375 389
153661 352 531
153885 533 518
154266 239 389
155445 532 523
156073 518 516
157737 372 404
158182 519 501
158550 384 383
158946 557 513
159424 355 413
159745 572 513
162073 535 510
163766 515 527
165695 508 554
166110 557 432
166435 510 564
166859 389 392
167904 515 552
168529 398 371
168975 564 394
169269 383 393
170073 540 496
170264 513 548
171011 252 407
171238 228 410
171855 518 517
174188 529 388
174665 589 395
175230 552 531
175623 388 529
176370 591 403
176692 584 514
177074 553 378
177549 578 553
178693 383 418
178893 362 386
179633 379 517
180388 364 393
180743 561 535
181127 413 520
181348 382 512
181764 372 390
182456 512 527
185064 391 439
185251 374 400
185707 369 540
186088 375 511
186676 543 516
187822 380 395
188463 582 526
189422 395 406
189906 235 381
190484 449 470
190740 571 527
191228 383 392
191885 387 542
192204 390 512
192714 378 395
193625 563 536
194052 542 518
194820 383 507
195521 546 506
196070 234 382
196739 543 503
197288 517 516
200210 549 496
201672 387 394
202353 389 515
202803 579 524
203615 392 391
204096 546 403
204575 587 517
205638 386 400
206022 245 380
206755 500 417
207019 526 511
210718 397 395
211067 382 511
211768 536 503
212563 250 388
213041 540 439
213298 539 509
213623 571 405
214462 553 502
215395 386 388
216222 389 509
216734 537 508
217700 341 387
217958 249 395
218505 538 500
219436 391 382
220687 543 504
221104 402 380
221521 557 503
222357 390 508
222809 257 405
223007 477 499
223293 516 512
227114 378 497
228063 378 498
229700 379 388
230153 532 502
231276 244 393
231923 501 496
232260 545 508
233230 517 525
233868 377 379
234064 244 393
234831 530 491
235182 555 388
235384 522 510
238368 373 502
239228 521 504
240377 381 500
241142 511 512
241718 236 413
242367 552 472
242749 571 407
243200 565 339
243425 395 383
243750 544 433
243975 593 424
244316 541 544
244539 547 508
244804 384 511
245959 541 512
246284 575 505
247022 401 386
247412 439 520
247672 571 521
247980 384 505
248479 243 417
249590 541 483
249783 586 521
250393 579 404
250745 543 522
251003 587 387
251237 583 416
251911 535 509
253704 511 518
255240 389 518
256121 385 393
256832 554 498
257310 579 407
257567 400 501
257949 230 402
258464 582 516
261993 523 522
264477 510 539
266676 408 522
267270 375 510
267759 534 520
268257 389 516
268801 561 515
269567 416 512
269764 375 514
270275 236 393
270689 596 529
271232 531 403
271457 368 489
271622 398 505
271941 250 406
272898 541 542
273283 606 559
273965 428 526
274238 387 518
274558 582 544
274779 553 388
275225 556 436
275514 586 521
276489 545 514
276742 511 527
277132 562 510
277513 240 399
278089 529 510
280970 509 542
282105 434 347
282329 386 388
282711 389 501
282997 529 518
283917 392 386
284344 534 505
286005 572 503
287038 407 405
287302 372 390
288110 377 512
288503 373 378
288989 568 515
289609 242 394
290194 544 508
293052 507 539
295711 499 406
296081 385 396
296504 500 550
297473 385 529
298144 514 531
299077 232 408
299356 543 492
300541 417 403
300798 555 484
301478 384 408
301669 326 382
301968 373 390
302191 397 521
302478 589 515
303244 553 408
303595 574 501
303957 560 422
304388 551 526
305036 246 403
305682 507 530
306032 540 518
306321 395 521
307186 519 521
309801 502 555
311174 389 514
311626 506 550
311983 381 513
312939 512 527
313324 386 391
313808 369 566
314004 379 521
314495 532 523
315176 379 518
315917 385 415
316172 381 534
316460 380 397
317014 379 556
317204 376 525
317443 588 524
317927 428 509
318405 564 376
318592 537 352
318817 577 509
319153 538 513
319326 406 520
319556 371 513
320253 554 541
320750 552 390
321266 556 542
322068 378 409
322639 382 536
322928 558 521
323429 377 385
323754 376 522
324275 539 523
324833 551 382
325046 537 528
326006 525 387
326294 435 550
326484 376 512
326900 506 548
329058 504 561
330368 365 504
330566 519 535
330864 550 394
332782 549 363
333016 533 561
333246 559 392
333587 579 520
334233 526 547
334646 366 430
334877 383 382
335289 386 549
335515 521 502
336017 382 490
336417 511 529
337058 246 428
337477 548 544
337696 509 564
339298 522 396
339708 516 599
340035 560 418
340273 532 433
340594 510 591
340913 371 531
341232 499 565
389956 379 387
390179 565 357
390466 323 382
390625 333 478
390818 389 481
393208 382 379
396034 337 388
396288 378 323
396874 384 506
397512 378 356
397734 386 324
398501 583 361
398949 510 482
399144 386 519
399819 569 401
401238 590 551
401466 398 552
401913 567 458
402176 569 426
402667 392 400
403573 396 554
403844 388 508
404390 393 404
404885 577 515
405143 392 380
407194 388 522
407948 388 377
408330 584 377
408715 381 388
411503 569 358
412006 381 391
414039 379 526
414372 377 396
415208 567 351
415609 381 399
416500 561 347
416977 383 396
418017 388 523
418728 388 393
419531 568 352
419888 382 393
421947 586 366
422526 417 392
422717 389 392
423577 396 519
423801 390 374
424023 395 520
424502 389 389
425437 603 379
425886 384 391
428712 384 519
429190 384 391
429966 593 375
430425 529 539
430620 501 544
430909 388 388
431646 213 393
431876 218 427
432608 381 382
433317 214 427
434304 365 384
434752 375 514
435500 374 394
436425 580 384
436935 498 528
437383 377 510
439773 441 482
440015 378 403
440690 380 520
441296 503 530
442002 379 390
443031 374 500
443422 378 396
444064 381 536
444357 506 548
444678 401 418
444870 382 382
445666 376 507
446401 378 377
446881 218 388
447070 201 430
447518 381 376
447837 379 511
449145 412 526
449335 432 559
449948 512 526
450268 572 403
450584 601 403
451081 511 527
451560 388 402
452112 493 541
454188 373 388
454652 375 537
454906 381 499
455682 389 393
455961 552 561
456394 563 393
456661 598 386
456970 382 399
457681 379 539
457942 378 510
458292 386 392
459252 557 397
459570 593 394
459761 382 401
460313 366 540
460585 373 507
461034 382 393
461721 591 405
462110 539 516
462695 372 512
463173 371 384
464704 372 324
464989 378 395
465523 561 396
465746 512 540
466193 573 398
466482 382 380
467294 382 524
467873 374 372
469112 580 368
469590 524 556
470089 404 378
470318 383 384
474120 584 381
474440 408 393
474726 382 385
475832 380 517
476789 378 387
480279 377 520
480818 381 379
482043 577 397
482431 381 383
484947 590 395
485200 379 382
486860 397 544
487095 387 514
487689 374 371
488267 566 373
488522 223 382
488821 179 419
489208 552 384
489477 611 389
489729 510 526
490053 373 379
490611 382 533
490866 381 502
491251 385 374
491664 592 374
492111 518 552
492367 395 384
493243 189 539
493689 216 401
493917 73 413
494371 402 394
494567 379 377
495300 406 515
495529 378 502
495827 203 494
496242 175 414
496637 402 377
496831 375 380
497214 591 368
497533 400 499
497758 377 505
498171 418 527
498886 389 363
499080 315 566
499277 311 530
499883 429 446
500073 379 368
500877 608 364
501294 375 378
502813 381 514
503712 377 370
504093 579 358
504444 511 552
504891 384 385
505790 205 396
505980 163 419
506331 380 375
507575 560 343
507799 597 352
508023 501 549
508347 399 393
508576 378 376
509989 391 508
510818 421 516
511048 383 371
511945 587 345
512466 508 545
512983 386 510
513526 380 371
515126 376 502
515923 414 504
516146 508 522
516636 587 338
517049 381 368
518550 393 507
519028 381 377
520016 388 506
520654 508 542
521037 572 359
521421 379 369
522731 581 346
523057 377 377
523854 387 507
524396 521 528
524781 383 382
525289 388 503
526698 385 366
527582 403 514
528022 494 538
528311 593 345
528819 394 359
529108 377 380
529362 180 399
530065 368 367
530638 389 503
531913 434 472
532138 395 497
532392 520 559
532787 568 374
533107 383 377
533934 384 508
534737 379 381
539251 378 515
539990 375 384
543244 379 518
543793 376 381
545494 561 348
545749 376 387
547801 383 511
548509 379 382
550039 549 353
550326 385 387
551572 390 499
551953 382 388
552534 568 338
553354 374 384
555272 560 329
555653 373 386
556664 570 329
557210 463 345
557398 372 380
558963 381 517
559281 379 383
560398 369 510
560717 377 395
562413 380 395
563033 379 518
563512 375 380
565112 559 339
565436 385 379
566176 374 509
566526 168 475
567102 375 385
567908 579 341
568329 387 385
570177 378 382
572573 384 508
573052 386 383
574102 549 339
574486 378 384
576407 381 508
577214 377 378
577691 556 330
578170 495 508
578490 384 423
578680 376 490
579128 379 378
579988 193 391
580245 158 408
580466 365 377
581041 561 346
581743 376 385
582477 375 508
583688 364 379
584102 359 511
584453 95 423
584869 78 374
585123 566 336
585761 381 386
586465 376 498
587101 543 540
587587 371 507
588795 376 375
589275 538 335
589849 499 536
590551 533 347
590998 382 446
591255 373 504
591604 378 380
593045 761 369
593333 554 386
593652 377 389
594131 576 570
594385 836 712
594769 581 696
595088 441 432
595277 385 385
595597 377 509
595979 112 407
596204 73 373
596688 191 356
596878 160 407
597198 378 345
597650 373 383
597969 531 334
598497 385 378
599010 386 511
599616 381 375
600158 379 508
600702 381 382
601115 554 344
601434 512 511
601881 380 510
602457 382 376
604051 529 339
604464 388 380
605007 386 503
605389 380 369
606186 387 441
606411 383 367
607049 96 390
607271 70 374
607527 179 378
607717 159 398
608069 346 373
608323 378 371
608547 376 499
608963 537 375
609217 541 335
609504 509 517
610237 534 341
610748 386 373
611386 379 492
611834 383 369
612470 580 338
612821 543 551
613045 510 555
613269 384 509
613748 383 366
614385 545 338
614894 373 379
615564 373 489
615980 195 389
616202 69 412
616521 543 381
616872 542 341
617096 518 503
617638 385 481
618084 381 373
618882 379 498
619430 380 382
624624 375 506
624943 365 389
625422 553 327
625906 387 376
626544 563 328
628611 384 382
628927 373 513
629499 510 521
629897 565 332
630567 388 379
631761 573 335
632191 520 521
632706 386 516
633152 387 370
633790 562 333
634173 507 537
635296 574 333
636232 504 533
636838 376 503
637156 378 368
638273 565 330
638887 388 372
640096 373 530
640322 382 489
640703 388 369
641118 574 330
641754 412 376
642011 380 375
645848 374 374
646581 384 508
647061 383 376
647410 179 394
648048 369 374
648399 572 330
648590 548 331
648889 379 380
649569 365 515
650022 376 380
650916 387 512
651396 384 380
651713 557 345
652093 499 532
652351 382 393
652989 87 381
653467 367 373
654008 372 509
654200 92 473
654426 34 530
654677 143 527
654933 43 518
655572 351 526
655763 378 513
656114 374 373
656591 534 335
657296 506 505
657486 396 412
657709 387 382
657964 210 388
658284 384 516
658761 213 414
658985 173 422
659369 516 380
659626 539 346
659847 515 521
660329 386 508
660816 374 371
661553 532 344
661778 383 379
662127 381 509
662638 504 535
663054 548 336
663532 376 369
664073 380 496
664520 515 525
665606 555 329
666721 514 519
667136 392 406
667359 381 365
667838 199 400
668220 366 372
668988 375 492
670688 372 370
671006 566 329
671643 513 505
672283 375 491
672761 379 365
673559 555 340
674068 519 504
674291 502 537
675633 375 506
676590 373 381
677292 562 324
677896 378 377
679335 546 333
679655 376 369
680039 505 542
680423 376 378
681952 378 501
682878 376 373
684760 557 346
685207 384 369
686355 378 496
687025 370 379
687821 545 334
688238 380 389
688811 377 502
689195 377 381
690054 567 335
690476 377 384
690955 377 504
691815 374 372
692708 382 503
693408 377 384
693920 567 340
694205 514 528
694717 386 501
695616 261 395
695807 373 373
696383 576 337
696796 494 539
697371 390 380
697721 172 376
698072 366 374
698774 578 330
699157 378 376
700470 377 476
700948 382 370
701652 372 503
702225 375 383
702671 568 336
703380 379 374
705453 562 332
705931 377 364
706472 205 387
706664 166 404
706984 376 359
707749 373 487
708165 556 334
708865 522 539
709216 380 374
712471 383 520
712980 385 377
713362 556 335
713905 374 380
714479 379 527
714704 379 499
714894 210 393
715181 165 404
715532 403 352
715978 80 393
716552 37 527
716936 330 366
717126 374 372
717509 563 333
718147 517 504
718402 498 528
718848 390 507
719329 384 377
719966 557 329
720508 378 374
721178 516 521
721562 382 502
722390 380 377
723635 498 527
724047 380 494
724654 372 378
725324 562 339
725770 501 538
730432 492 451
730767 575 356
731057 509 542
731795 561 363
732292 883 676
732562 887 707
732849 913 691
733267 577 425
733785 505 545
734010 382 485
734202 384 398
734586 561 365
734917 499 555
735564 573 353
736209 504 564
736700 373 514
737431 189 406
737845 570 346
738197 499 563
738643 395 536
738932 374 513
739251 371 378
739569 497 556
741736 538 371
741994 372 389
742599 484 549
743110 183 418
743753 576 337
744104 508 555
744637 372 389
745439 383 543
745695 372 509
746046 374 376
746652 505 557
747194 565 365
747449 578 329
748125 514 554
748482 554 359
748749 566 337
749037 508 550
749360 401 432
749551 384 370
749840 368 534
750029 366 501
750253 224 383
750477 179 401
752244 361 381
752584 379 534
752845 564 366
753234 509 541
753628 276 454
753979 169 408
754267 360 530
754592 372 501
754846 61 421
755106 70 381
755585 27 528
755974 381 365
756234 32 524
756749 375 376
757426 524 359
757885 518 548
758312 389 520
758950 412 551
759269 437 602
759997 383 369
760590 578 329
761069 512 551
761813 568 333
764203 521 375
764459 566 337
765005 401 361
765261 379 382
765483 385 510
765905 522 529
766287 561 343
766897 559 415
767281 562 329
767855 223 382
768078 176 410
768463 501 509
768628 529 551
768818 503 557
769009 381 524
769328 556 333
770482 376 496
771144 382 380
772042 568 330
772501 525 533
772986 559 338
773629 379 493
774043 214 402
774298 177 404
774746 343 472
774936 385 494
775432 379 387
775949 555 339
776586 510 529
778186 559 344
778767 513 523
779571 572 347
780215 374 545
780410 384 503
780698 219 405
780921 177 413
781271 387 369
782169 566 335
782553 516 517
784059 401 514
784441 520 505
784697 570 358
785022 575 329
785341 493 522
785820 372 502
786555 500 513
787034 577 339
787736 167 411
788564 514 488
788788 508 519
789012 378 492
789585 516 512
790319 564 356
790767 231 390
790989 174 401
791307 392 379
791659 369 373
792233 575 340
792584 514 548
792941 377 515
793852 525 497
794178 540 390
794559 586 322
794942 563 517
795518 521 551
796793 563 353
797283 583 332
801543 582 344
802049 524 553
802271 387 524
802688 554 405
802943 571 330
804204 386 381
804460 217 372
804853 380 371
805605 383 514
806183 514 543
806630 561 367
806886 573 330
807427 507 545
808163 571 333
809981 497 556
810363 569 339
810860 201 386
811114 176 418
811310 383 393
811916 100 394
812113 70 403
812464 374 516
813366 498 550
813753 380 518
814923 164 404
815154 81 382
816650 74 329
818271 383 522
818913 557 338
819429 510 547
820139 532 386
820334 554 331
820717 381 373
821164 380 504
821928 214 417
822218 173 411
823031 532 438
826002 557 342
826768 535 570
826994 502 572
827193 557 350
827648 364 542
827838 370 514
828169 216 393
828398 370 526
829142 356 376
829373 561 343
830010 515 559
830566 553 358
830800 556 330
831086 194 379
831375 164 413
832209 376 373
832816 378 511
834552 540 557
834930 729 546
835126 718 514
835636 730 587
835923 804 590
836212 768 597
836690 722 587
837231 724 531
837647 723 404
838033 723 329
838391 720 425
838775 729 336
839573 802 335
839795 772 420
840057 816 440
840536 729 443
841050 775 535
841407 743 682
841892 811 685
842178 843 692
842466 939 655
842848 894 614
843103 416 407
843619 380 379
844551 420 373
844939 382 361
845195 566 336
845520 518 528
845748 231 390
846011 169 404
846329 366 369
846743 392 384
846967 380 501
847948 104 413
848163 75 381
849597 79 330
850081 41 446
850305 75 385
852378 69 412
852602 362 621
852804 504 699
853028 552 670
854271 90 668
854462 12 640
855324 187 669
855645 365 517
855898 194 549
856504 197 519
857493 90 360
857658 70 319
857945 29 528
858429 43 527
859649 64 591
860456 192 539
861666 197 572
861953 221 539
862369 634 523
862558 789 542
862847 802 565
863357 496 379
863707 396 426
866436 386 505
867086 546 533
867289 563 368
867575 436 527
867772 382 501
868410 405 340
869837 467 429
870129 328 454
870418 423 531
870646 375 530
870942 548 391
871173 332 584
874280 330 540
874505 545 520
874917 560 367
875200 358 498
875388 450 560
875754 532 622
876024 324 463
876266 220 400
876626 560 398
876910 503 562
877232 563 371
877510 288 496
877724 463 556
878081 524 561
878401 559 365
878742 363 396
878950 541 406
879469 564 337
880009 511 548
880442 374 482
880689 374 512
881112 226 393
881332 166 417
882366 200 451
882727 248 431
882904 385 383
883284 268 480
883531 375 538
883784 203 560
884553 42 532
884730 79 388
885007 244 376
885302 63 399
885626 75 336
886015 424 377
886375 566 364
886621 856 413
886862 957 426
887034 943 406
887569 968 406
887823 953 509
888114 931 555
888664 946 488
889570 404 434
889748 391 549
890037 396 389
890352 449 587
890573 451 620
890987 543 613
891192 440 609
891512 558 536
891865 589 527
892116 716 528
892389 718 593
892566 432 388
892856 368 376
893275 382 532
893624 505 563
893912 606 436
894160 747 451
894501 803 537
894791 467 487
894968 388 385
895315 576 353
895620 529 517
895808 512 541
896023 248 423
896370 375 503
897663 384 363
898091 382 503
898559 392 409
898736 385 376
899301 378 496
900694 538 528
900937 508 538
901102 564 354
901329 560 324
902082 520 533
902743 561 332
903881 233 367
904083 186 391
904371 385 380
904703 385 354
905033 353 497
905458 78 508
905689 43 519
906097 33 603
910057 204 409
910521 173 413
911572 159 418
912001 385 375
912612 384 508
913696 542 361
913930 552 332
914228 534 413
914687 560 340
915192 524 519
915395 551 344
915765 514 557
916198 559 343
916729 271 358
916921 196 403
917183 385 362
917673 65 372
919722 440 408
920052 380 577
920448 452 632
920643 529 687
920994 517 419
921197 562 335
921490 375 504
922171 231 385
922401 174 407
922910 393 355
923358 71 379
924793 586 412
925112 928 424
926272 420 467
926439 565 351
927171 618 368
928194 369 382
928512 379 532
928843 232 388
929102 186 402
929582 390 365
929812 76 331
930456 137 456
930780 215 493
931099 76 336
931583 404 371
931849 387 520
932492 525 540
932723 559 343
933278 391 505
933536 391 537
934144 206 458
934365 210 381
934649 309 514
934832 388 530
935172 249 430
935461 195 402
935651 170 415
936017 69 411
936306 436 553
936882 548 400
937102 562 341
938452 526 552
938772 391 544
939054 509 548
939633 379 512
940387 527 526
940837 562 342
941527 519 552
941874 549 355
942116 411 554
942813 509 547
943528 354 388
943795 396 369
944083 221 358
944407 173 403
944726 75 381
945477 40 526
945744 72 385
947408 65 415
950900 60 380
952001 81 384
953322 169 401
953869 569 388
954353 552 332
954843 514 535
955168 555 345
955795 379 376
956001 382 507
956612 573 535
956906 708 541
957452 719 577
957745 771 560
957937 819 546
958300 994 452
960070 914 329
960737 986 331
960956 947 395
961360 957 514
961580 956 485
961875 941 551
962617 971 650
962800 967 681
963209 921 634
964522 885 698
965058 926 692
965550 975 706
966208 913 697
966822 876 701
967101 915 709
968004 528 685
968356 563 694
968612 437 506
968838 437 407
969078 552 372
969250 547 324
969992 533 404
970251 490 348
970503 191 364
970684 171 400
971043 541 419
971401 556 350
971755 507 536
972006 395 513
972638 418 567
972998 379 530
973210 442 574
973540 395 565
973790 443 594
974080 374 373
976856 206 418
977273 195 529
977796 426 380
978080 566 363
978327 387 369
979101 543 412
979321 557 334
979733 521 539
980259 542 331
981032 503 543
981676 555 370
982025 544 340
982314 499 556
983302 547 359
983524 187 380
983779 169 419
984387 526 354
984707 548 333
984960 504 550
985566 538 328
988628 507 546
989680 186 383
990448 378 502
990860 194 520
991085 379 501
993062 513 533
993349 380 509
993699 497 540
994753 381 506
998172 383 378
1000843 558 341
1001322 511 536
1001709 385 379
1004370 384 511
1005203 384 381
1006449 567 351
1006799 509 554
1007117 405 408
1007308 380 383
1008136 379 515
1008681 381 377
1010020 559 342
1010438 514 528
1010817 380 516
1011233 383 372
1012859 374 516
1013560 376 377
1014517 565 328
1015060 383 377
1016846 389 479
1017037 383 508
1017453 389 386
1018090 561 344
1018632 511 550
1018888 386 507
1019846 383 369
1020386 375 504
1021281 380 373
1022140 557 334
1022716 504 533
1023129 387 493
1023607 386 360
1025108 379 496
1027500 381 367
1027977 550 332
1028487 511 521
1028776 379 495
1030115 380 366
1030879 561 343
1031264 510 528
1031581 402 511
1031806 376 488
1033684 504 529
1034359 555 336
1035101 504 527
1035427 380 510
1036746 383 372
1037225 193 377
1037544 182 401
1037799 544 334
1038725 506 535
1039522 380 499
1044848 501 510
1045203 563 334
1046092 388 367
1046762 385 476
1047559 517 511
1047974 559 343
1048835 75 371
1049314 203 374
1049575 174 391
1050448 519 353
1050698 548 325
1051878 505 541
1052134 376 501
1053027 386 359
1053281 546 340
1053792 508 522
1057634 388 504
1058602 502 542
1059011 547 330
1059990 379 340
1060243 558 325
1061147 539 320
1061563 525 525
1061925 373 514
1062692 219 395
1062920 164 413
1063968 376 375
1064606 381 508
1065249 394 343
1065542 572 338
1066272 792 342
1066491 941 403
1067166 581 346
1067369 549 330
1067719 542 476
1067984 556 330
1068449 199 359
1068704 67 391
1069313 544 344
1069809 517 528
1070208 382 504
1070973 505 535
1071196 558 339
1072230 546 398
1072756 539 326
1073540 463 504
1073735 494 549
1074183 375 514
1074661 208 405
1074889 160 417
1075146 547 335
1075724 499 544
1076481 373 496
1077041 518 357
1077271 546 323
1078228 313 373
1078418 212 356
1078706 382 399
1078928 378 500
1079859 143 397
1080050 71 384
1080337 174 390
1081044 538 483
1081465 557 329
1083717 535 351
1084005 507 523
1084494 554 328
1085936 395 525
1086143 380 495
1086813 506 534
1088473 507 539
1091340 551 362
1091535 559 329
1091983 505 535
1092530 384 498
1093295 504 521
1094882 377 478
1095366 208 378
1095557 162 391
1095940 556 374
1096232 571 324
1096519 505 529
1098657 388 499
1099550 516 526
1102861 387 497
1103505 219 379
1103697 159 393
1104015 69 374
1105640 65 331
1105895 67 379
1107203 487 384
1107460 552 346
1108095 487 533
1108447 373 508
1108895 492 541
1109762 547 328
1111833 500 547
1112313 371 500
1113078 372 369
1114945 352 338
1115167 185 362
1115486 198 390
1115742 75 328
1116221 553 336
1116859 511 537
1118134 559 328
1118484 504 539
1119160 555 349
1119766 498 534
1120946 406 517
1121171 375 498
1121871 497 517
1122190 562 332
1122987 510 529
1124456 387 494
1125098 560 360
1125324 564 321
1126285 385 483
1126699 238 388
1126923 435 473
1127311 508 534
1136314 500 543
1137319 495 560
1138025 439 541
1138250 496 553
1139992 553 352
1140286 496 550
1140955 380 504
1141783 497 532
1145331 562 363
1145561 566 327
1146133 513 529
1146707 382 491
1147186 511 519
1151689 414 518
1151946 381 487
1152423 510 510
1155134 574 395
1155325 569 347
1155872 505 504
1157426 507 528
1159134 406 521
1159355 379 509
1159994 502 535
1163375 560 369
1163599 572 324
1163918 226 346
1164173 190 369
1164556 502 540
1166310 381 365
1166948 512 537
1169276 414 374
1169531 381 369
1169819 388 493
1170457 511 532
1172985 559 345
1173622 508 526
1174100 385 494
1174515 196 372
1174803 148 386
1175153 32 377
1175376 52 344
1175925 504 526
1177485 233 336
1177921 415 336
1181988 479 351
1182258 348 381
1182526 546 331
1182856 3 762
1184335 395 378
1184592 562 334
1189346 399 516
1189647 524 547
1189945 565 355
1190737 511 564
1191063 561 347
1191704 368 501
1192165 468 327
1192415 567 344
1193528 411 437
1193715 386 514
1194877 380 394
1195579 568 343
1196057 512 549
1196447 382 520
1198215 507 546
1198643 573 341
1199213 391 522
1202620 390 392
1203328 519 547
1203647 568 365
1203934 392 430
1204126 386 522
1204351 422 522
1204830 443 579
1205051 524 544
1205525 415 585
1205748 442 582
1205971 376 519
1206295 512 535
1206776 403 531
1209084 401 531
1209400 436 537
1209747 442 573
1211781 426 563
1212116 446 581
1212452 527 564
1213012 444 562
1213224 393 525
1213521 542 507
1213708 522 550
1214671 398 528
1215920 382 405
1216481 400 551
1216676 390 525
1217125 512 568
1217507 559 400
1217809 580 339
1218128 511 566
1218772 393 516
1219722 386 393
1221045 388 533
1221345 522 568
1221944 394 522
1223052 385 388
1223310 523 577
1223978 402 523
1224655 522 602
1225076 411 367
1225334 386 387
1225909 532 589
1226889 398 527
1227631 388 392
1228499 401 524
1229619 446 566
1230130 551 606
1231091 404 393
1231637 559 355
1232087 559 605
1232573 401 538
1233021 387 509
1233594 384 385
1234206 379 338
1234876 383 387
1235750 561 603
1236234 427 522
1236488 388 517
1237220 384 551
1237700 532 600
1238019 397 532
1238343 386 390
1239743 521 370
1240124 525 583
1241020 381 546
1241497 381 393
1243314 386 543
1243569 424 574
1244050 531 577
1244753 394 383
1246496 418 586
1246802 394 392
1248112 522 390
1248301 537 588
1248684 385 396
1249504 544 614
1250006 378 396
1250885 405 549
1251206 382 384
1251745 418 553
1252199 547 596
1252652 395 384
1254984 422 473
1255210 386 398
1255604 394 535
1255828 386 574
1256024 531 591
1256804 389 396
1257470 382 542
1257694 543 412
1257950 380 553
1258397 389 399
1258746 540 588
1259226 382 509
1259833 396 563
1260310 384 383
1261109 383 324
1261622 387 394
1262159 559 416
1262448 552 449
1262703 562 597
1262957 579 415
1263216 598 400
1263706 554 430
1264620 390 521
1265195 548 596
1265704 405 523
1265928 375 513
1266246 386 389
1267343 412 534
1267870 552 568
1268125 555 599
1268444 550 398
1268802 399 379
1269159 584 422
1269554 562 571
1269909 397 423
1270100 383 393
1271976 160 401
1272643 352 388
1272962 163 390
1273485 378 390
1274262 401 533
1277702 539 552
1277874 509 567
1278767 581 399
1279098 483 561
1279486 370 479
1279902 214 401
1280091 157 399
1280545 381 388
1281430 411 535
1281912 389 385
1282364 594 395
1282844 510 553
1283482 394 538
1283800 379 515
1284021 376 391
1285111 400 533
1285714 515 570
1286063 579 393
1286351 382 391
1286860 200 404
1287164 157 406
1287585 380 396
1288224 399 572
1288449 397 535
1288768 593 587
1291291 393 532
1291985 378 391
1292577 581 342
1292927 588 559
1293158 616 576
1293781 539 386
1294197 189 404
1294543 150 411
1296462 381 526
1296962 397 420
1297224 545 553
1297626 369 398
1298302 363 543
1298524 375 516
1298907 542 371
1299391 554 427
1299859 397 525
1301485 344 405
1301676 384 393
1302090 530 373
1302314 556 566
1302601 554 602
1303215 220 429
1303427 157 402
1304898 372 390
1305969 386 523
1306777 382 386
1307198 529 551
1307393 552 578
1307682 555 416
1307975 531 403
1308295 574 431
1308614 333 407
1308804 363 393
1309186 193 399
1309423 160 408
1309783 353 535
1310007 391 526
1310551 381 382
1311569 540 424
1311857 564 426
1312814 537 435
1313037 502 542
1313373 393 519
1314248 379 391
1314572 556 583
1315054 559 418
1315571 324 392
1315793 573 420
1316179 209 401
1316432 162 410
1317454 226 571
1317939 65 560
1318258 404 556
1318576 563 601
1319245 577 421
1320410 578 600
1320863 393 545
1321151 383 514
1321789 384 376
1322763 563 509
1323124 558 425
1323323 408 384
1323577 375 382
1324222 387 547
1324555 555 429
1325943 403 556
1326201 382 521
1326762 564 400
1327016 371 391
1327628 381 524
1328239 577 403
1328618 563 566
1328910 575 594
1329323 389 525
1329942 382 385
1330940 381 534
1331265 387 387
1331814 584 378
1332132 557 554
1332489 435 539
1332680 388 513
1333374 385 376
1333934 383 514
1334866 381 384
1336360 593 364
1336663 513 542
1336943 377 396
1337631 386 525
1337973 380 387
1339506 385 524
1340029 380 386
1340377 536 524
1340575 543 558
1340773 568 354
1341028 375 388
1341906 392 516
1345587 587 337
1345881 536 559
1346078 408 546
1346593 528 585
1346856 580 387
1347115 575 334
1347574 383 511
1348344 381 391
1349276 386 508
1349602 510 548
1350081 395 534
1352502 575 351
1353280 508 573
1353839 560 357
1354496 502 567
1354945 383 517
1355776 385 386
1357912 381 393
1358388 393 523
1358942 388 385
1359529 380 526
1360176 511 557
1360567 572 343
1360918 388 516
1361674 382 387
1361981 389 580
1362183 392 529
1362631 516 562
1362986 561 347
1363703 383 382
1365094 404 516
1365454 515 540
1365838 570 353
1366283 491 531
1366795 379 510
1367498 378 386
1368459 380 512
1369168 501 550
1370707 633 528
1371119 518 562
1371536 385 514
1375020 376 388
1375657 568 356
1376272 372 390
1376754 377 511
1377485 375 381
1378900 380 516
1380304 376 385
1382281 374 520
1382824 376 377
1384514 388 383
1384875 376 517
1386997 375 391
1387818 558 360
1388339 498 560
1388537 375 506
1391290 382 391
1391712 399 528
1392387 369 425
1392578 376 377
1393056 549 348
1393503 374 368
1395401 379 387
1395726 374 502
1396320 373 388
1396860 385 515
1397989 376 392
1398314 566 349
1398736 535 338
1398932 388 380
1399699 392 526
1401057 380 387
1401951 551 375
1402206 533 340
1402492 372 384
1403098 373 516
1403739 680 679
1403933 535 699
1404285 380 512
1405181 400 533
1405374 372 393
1405885 377 506
1406747 438 536
1407129 516 542
1407543 570 372
1407767 542 328
1408245 378 384
1408661 380 526
1409140 379 378
1410262 547 370
1410612 401 539
1410803 371 512
1411379 551 360
1411778 510 564
1413530 393 558
1415064 379 519
1415771 518 550
1416247 547 344
1417044 403 364
1417495 380 395
1417720 484 519
1418111 383 519
1419324 512 560
1420232 535 337
1420556 473 542
1420779 505 565
1421036 380 522
1422868 379 511
1423188 507 549
1423673 384 528
1424471 349 401
1424693 200 381
1425109 212 426
1425748 389 516
1426552 511 567
1426872 389 516
1427675 521 589
1428886 560 382
1429271 535 581
1429651 202 397
1429908 231 421
1432678 526 409
1432943 510 561
1433293 386 518
1434087 535 586
1434503 536 393
1434710 517 360
1434965 379 436
1435155 386 512
1435965 222 384
1436157 225 426
1436641 385 510
1437536 387 386
1437898 382 508
1438256 552 384
1438741 536 558
1439186 386 519
1440278 410 536
1440468 528 593
1440851 578 390
1441425 525 568
1441904 211 424
1443149 544 533
1443403 526 587
1446489 393 428
1446810 552 391
1447204 538 593
1448321 388 519
1449352 527 586
1450087 561 396
1450310 532 406
1450916 384 391
1451362 381 503
1451679 232 395
1451871 197 424
1452670 383 521
1453181 525 574
1453819 557 408
1454233 516 562
1454615 389 512
1455610 458 531
1455776 515 562
1456510 549 403
1456860 394 374
1457211 517 575
1457914 389 515
1458168 551 586
1458615 391 514
1459252 556 397
1459571 382 511
1460147 408 524
1461331 516 568
1462712 583 395
1463509 237 391
1463730 195 416
1464626 372 410
1465006 67 402
1465423 405 543
1465676 381 524
1466123 513 538
1466571 586 396
1467112 521 535
1467540 401 425
1467731 379 376
1469219 387 412
1469472 534 580
1470447 551 414
1470709 579 426
1470999 554 595
1471477 389 537
1471738 537 594
1472455 378 520
1472999 516 581
1475277 385 513
1477059 513 572
1477764 575 412
1478125 601 415
1478508 510 562
1478833 455 374
1479726 573 563
1479948 527 582
1480494 594 422
1481692 575 471
1481922 526 574
1482909 391 523
1483560 602 412
1484039 528 592
1485576 384 527
1485864 530 588
1488253 527 586
1489148 413 524
1489370 378 520
1490971 398 548
1491481 368 515
1492329 387 376
1493066 507 555
1493673 599 382
1494342 513 584
1495204 386 541
1495708 533 598
1496575 387 510
1497159 546 588
1497446 593 375
1497862 512 581
1498341 383 515
1500170 502 574
1500745 381 515
1502664 373 377
1503245 583 357
1503505 534 577
1503925 384 533
1505264 380 371
1505622 395 504
1505821 522 559
1506266 588 360
1506727 517 571
1508593 564 356
1509025 366 513
1509578 510 552
1511582 569 362
1511837 512 552
1512672 385 512
1513119 512 573
1513408 588 358
1513727 529 586
1514076 487 527
1514300 393 525
1514555 541 571
1515322 403 552
1515511 382 522
1516449 513 558
1518782 398 411
1518960 377 376
1519247 505 546
1519790 374 388
1520203 385 520
1520652 507 574
1520905 577 389
1521290 526 554
1521544 402 488
1521800 375 510
1522141 506 567
1522590 384 524
1523098 506 552
1525472 389 515
1526123 506 551
1526631 559 357
1527014 499 541
1527429 389 504
1528290 506 545
1529406 543 366
1529631 569 331
1530013 389 375
1530428 381 538
1532851 511 557
1533178 390 533
1533526 379 387
1534043 380 506
1534460 494 550
1534847 366 523
1535284 369 383
1535680 364 520
1536005 369 379
1536421 367 537
1537320 376 400
1537551 372 374
1537875 370 536
1538785 516 573
1539008 393 519
1539399 567 388
1539620 567 338
1539877 381 521
1540430 436 543
1541042 370 546
1541957 346 551
1543932 520 574
1544357 569 369
1544792 386 509
1545357 446 537
1545780 382 535
1546289 511 564
1547049 395 536
1547537 469 539
1547866 513 557
1548346 432 535
1548539 377 523
1550066 510 555
1550478 443 554
1556591 527 510
1556821 507 589
1557267 374 527
1557884 444 542
1558340 507 594
1559134 527 349
1559565 385 532
1560075 445 545
1560664 514 581
1560988 380 526
1562908 384 384
1563290 479 526
1563481 524 583
1564385 541 374
1564928 542 576
1565810 453 560
1566031 517 582
1566447 404 547
1568936 195 442
1569357 523 571
1569616 552 606
1570244 400 548
1570448 541 409
1570766 383 544
1571285 449 546
1572585 383 539
1572947 560 576
1573332 384 532
1574516 501 540
1574753 553 577
1574977 549 394
1576617 521 564
1577460 506 566
1577714 387 534
1578362 452 537
1579040 388 535
1579359 404 416
1579710 571 388
1580035 603 387
1580481 510 541
1580738 390 523
1581408 522 530
1581665 447 533
1583378 391 543
1584214 710 680
1584445 527 702
1584954 404 553
1585184 518 530
1585733 550 391
1586071 804 652
1586299 896 694
1586875 391 550
1587547 449 553
1588053 517 550
1588761 396 535
1589316 380 540
1589635 378 504
1589955 386 394
1590386 383 522
1590835 504 546
1591248 547 382
1591470 591 388
1591757 505 554
1592600 386 528
1593188 453 531
1593377 380 532
1594212 383 413
1594506 512 576
1594991 389 533
1595608 454 537
1596020 534 588
1598157 180 424
1598460 220 429
1598799 516 536
1599143 389 525
1600526 389 392
1600882 382 508
1601568 484 531
1601733 524 579
1602053 569 383
1602387 605 396
1602735 430 485
1602920 451 536
1603547 366 534
1603776 449 541
1604317 512 568
1604733 409 530
1605051 374 519
1605938 557 372
1606236 605 394
1606551 447 567
1606722 512 545
1606957 379 548
1607473 381 533
1608102 407 402
1608453 507 531
1608894 401 527
1609123 445 537
1609753 525 539
1610409 446 548
1610584 381 531
1612476 506 552
1612831 381 525
1613284 488 554
1613784 376 525
1614464 504 564
1615016 382 530
1615496 440 522
1615686 523 530
1615910 562 386
1616166 607 388
1616550 451 532
1617423 507 554
1620445 444 557
1621516 377 540
1622028 452 545
1622700 516 559
1622925 369 531
1623871 369 396
1624294 369 548
1624613 486 540
1625027 446 536
1625806 368 527
1626923 371 393
1627373 374 514
1627753 514 512
1628041 563 366
1628330 456 516
1628809 455 547
1629063 550 518
1629364 386 537
1629817 379 389
1630266 380 538
1631952 495 546
1632242 220 440
1634102 526 569
1634325 420 532
1634563 383 527
1635478 216 438
1636015 376 530
1636499 549 599
1636979 387 526
1637854 528 404
1638210 405 525
1638433 451 554
1639039 392 540
1639297 519 588
1639616 390 533
1640602 376 392
1640988 383 529
1641924 390 415
1642187 383 378
1642605 428 527
1642831 507 564
1643404 421 535
1645414 519 586
1645983 566 383
1646318 410 559
1646513 517 586
1646768 401 531
1647382 215 395
1647639 213 428
1647927 477 570
1648119 517 594
1648346 390 544
1649254 544 408
1649700 529 591
1650391 560 405
1650787 392 528
1651283 510 592
1651683 387 540
1652103 531 599
1652326 569 396
1652626 606 399
1653097 387 530
1653320 445 554
1653958 384 541
1654600 379 509
1654889 381 398
1655209 388 524
1655689 528 587
1656457 390 526
1657258 377 392
1657644 441 545
1659169 383 525
1659811 510 580
1660234 558 396
1660657 384 528
1661587 532 582
1661811 572 403
1662132 608 390
1662389 388 388
1662875 383 546
1663515 445 550
1664057 381 533
1664834 448 554
1665394 378 535
1666234 517 590
1666802 437 559
1667282 376 536
1668402 400 487
1668657 382 528
1669232 459 550
1669682 520 543
1671879 447 607
1672545 392 546
1672975 464 622
1673142 197 496
1673316 207 431
1674984 379 536
1675920 371 516
1676667 373 403
1677165 519 500
1677391 524 558
1677612 573 416
1678351 508 565
1678830 378 521
1679791 382 386
1680430 368 529
1680688 518 551
1681140 375 531
1681632 570 410
1682082 445 556
1682695 501 552
1683277 373 543
1683816 380 394
1684136 381 528
1684570 516 575
1684977 376 536
1685728 387 394
1686145 372 542
1686657 452 566
1687918 376 532
1688487 513 576
1688999 380 536
1689544 329 397
1689801 377 389
1690131 377 533
1690356 196 429
1690875 363 561
1691124 371 531
1691424 189 443
1694318 385 402
1695295 394 549
1695784 513 579
1696179 384 531
1696656 516 556
1696977 455 577
1697548 513 568
1697864 389 515
1698425 274 393
1698628 225 432
1699273 496 554
1699600 383 532
1699840 519 589
1700011 385 531
1700631 387 499
1700830 382 390
1701282 382 532
1701609 561 418
1701905 531 596
1702433 379 529
1703951 380 395
1704399 390 534
1704928 514 577
1705448 605 381
1706240 508 587
1706690 381 541
1707232 213 411
1707488 182 413
1708172 377 525
1709055 384 389
1709604 383 524
1710091 375 375
1711069 378 530
1711418 369 385
1711867 506 569
1712409 584 385
1712696 609 377
1712986 446 569
1713748 388 532
1714097 379 389
1714960 386 551
1715214 523 579
1715562 387 523
1716560 384 395
1716980 382 541
1717414 377 387
1718037 381 538
1719368 376 400
1719889 571 366
1720147 551 564
1720574 421 541
1720799 452 574
1721878 397 549
1722086 383 529
1722521 447 572
1723095 376 534
1724259 381 399
1724693 382 546
1725470 375 392
1726068 381 541
1726567 379 387
1727758 527 605
1728084 437 568
1728639 452 598
1729057 383 483
1729445 380 394
1729657 377 533
1731031 369 395
1731833 356 554
1732065 526 584
1732332 407 571
1732522 446 584
1733085 388 547
1733393 385 385
1734490 382 562
1734782 378 535
1735676 371 439
1735873 375 539
1736176 374 387
1737180 468 486
1737346 569 561
1737704 456 569
1738182 398 393
1738629 386 529
1738981 251 417
1739244 376 528
1739551 371 377
1739781 239 386
1740230 55 570
1740427 368 541
1741084 371 377
1742022 510 537
1742212 500 572
1742704 374 384
1742986 536 393
1743211 428 538
1743377 445 570
1744133 419 561
1744592 505 582
1745973 458 575
1746373 505 572
1746868 404 559
1747118 374 536
1747664 370 500
1747927 367 393
1748418 365 534
1748880 489 584
1749207 522 592
1749615 454 575
1750447 376 543
1751610 506 597
1751905 537 602
1752181 399 555
1752622 246 474
1753009 166 433
1754003 382 559
1754600 464 613
1754821 510 590
1755245 376 541
1756051 376 393
1756526 372 538
1758558 522 589
1759022 443 566
1759887 523 590
1760285 383 540
1760885 543 595
1761260 432 572
1761920 548 591
1762343 438 575
1762738 382 534
1763683 382 386
1764092 386 530
1764599 452 574
1764846 382 531
1765133 384 387
1765766 379 535
1766354 378 391
1766960 557 589
1767233 450 573
1767834 562 593
1768180 440 573
1768850 383 544
1769324 385 515
1769561 380 385
1770357 408 522
1770653 566 595
1771200 582 394
1771838 87 540
1772250 38 501
1772505 446 552
1774465 472 534
1774825 559 594
1775119 392 576
1775406 384 520
1775767 442 564
1776026 383 562
1776255 551 601
1776840 572 364
1777374 395 550
1778423 548 606
1778744 568 385
1779005 586 344
1779547 428 548
1779813 390 530
1780136 451 563
1781078 391 528
1781625 537 606
1782040 437 559
1782644 384 547
1783085 373 518
1783728 374 381
1784272 389 555
1784582 450 564
1785412 547 596
1785637 448 565
1786297 543 598
1786503 410 546
1786722 372 528
1787182 381 383
1787527 209 418
1787789 170 428
1789725 183 397
1790036 163 432
1790222 378 528
1791083 374 393
1792350 382 483
1792529 376 522
1792905 534 574
1793089 543 604
1793450 378 548
1794014 371 388
1794782 522 578
1795037 404 567
1795284 443 560
1795903 371 523
1797254 376 376
1797936 504 544
1798269 396 516
1798784 176 429
1799039 372 530
1799627 383 392
1800039 429 553
1800710 382 385
1801996 552 569
1802630 193 431
1803176 376 381
1803599 374 528
1804145 381 388
1804739 374 545
1805066 448 562
1805467 382 431
1805763 381 390
1806162 382 520
1807871 393 374
1808522 445 557
1808955 382 520
1809208 387 380
1810077 390 514
1810332 372 392
1811291 443 556
1811774 381 524
1812093 383 382
1812730 387 536
1813112 383 383
1813960 407 536
1814201 439 561
1814471 382 545
1814796 376 397
1815420 436 552
1815871 385 549
1816528 380 382
1817463 392 547
1818301 389 395
1818725 448 569
1819330 382 403
1819796 444 564
1821099 375 393
1821437 385 533
1822015 377 375
1823292 382 527
1823978 379 409
1825843 351 431
1826021 389 394
1826439 383 528
1828396 377 510
1829101 378 390
1830012 403 453
1830245 374 501
1830527 371 534
1830755 381 387
1831570 395 466
1832603 369 484
1832918 371 527
1833945 366 508
1834471 393 393
